gene_callers_id	DSS3_ac_a	DSS3_ac_b	DSS3_glc_a	DSS3_glc_ac_19_a	DSS3_glc_ac_19_b	DSS3_glc_ac_19_c	DSS3_glc_ac_34_a	DSS3_glc_ac_34_b	DSS3_glc_ac_34_c	DSS3_glc_b	DSS3_glc_c
3898	86.36260978670012	83.38770388958595	52.519447929736515	92.15683814303638	68.82183186951066	64.00376411543287	55.59598494353827	51.51191969887076	71.84190715181933	48.16436637390213	47.38770388958595
3899	173.66408839779007	157.4353591160221	176.96243093922652	164.33812154696133	110.42209944751382	102.62209944751382	173.88397790055248	133.446408839779	200.36022099447513	175.95911602209944	175.40441988950278
3900	520.4668587896253	554.2146974063401	254.1765129682997	412.65778097982707	315.7255043227666	289.4128242074928	285.6376080691643	254.3206051873199	349.7536023054755	281.22694524495677	263.2449567723343
3901	1850.8260105448155	939.8347978910369	371.3444639718805	845.8998242530756	643.0017574692442	707.128295254833	504.25131810193324	878.8734622144112	598.3585237258347	274.9420035149385	320.75395430579965
3902	1072.8542435424354	1158.8837638376383	727.3726937269373	1073.6125461254612	836.1845018450184	794.9206642066421	833.0590405904059	783.3892988929889	1076.8579335793358	960.4833948339483	760.1826568265683
3903	1220.4266211604095	1475.9726962457337	690.3447098976109	1295.3617747440273	1044.2116040955632	1080.5051194539249	742.4300341296928	852.1911262798635	947.0102389078498	868.0989761092151	795.7337883959044
3904	900.7683168316831	760.5366336633664	694.0435643564357	672.1831683168317	536.4534653465347	492.35049504950496	395.05346534653467	405.180198019802	536.460396039604	807.7108910891089	715.9881188118812
3905	1075.5862068965516	1248.811671087533	710.2705570291777	1099.6366047745357	925.0477453580902	865.7745358090185	661.8779840848806	735.2281167108754	1008.5941644562334	783.0901856763926	741.8514588859416
3906	510.0623742454728	576.4386317907445	272.3682092555332	562.1146881287726	382.0221327967807	360.94969818913484	273.81287726358147	234.4688128772636	331.9215291750503	302.35613682092554	278.00804828973844
3907	3122.10710259301	3129.400225479143	1749.140924464487	2358.7655016910935	1839.80496054115	1684.1803833145434	1871.228861330327	1824.9154453213077	2429.771138669673	1485.6865839909808	1411.846674182638
3908	787.0019775873434	846.4950560316414	331.5194462755438	653.6565589980224	478.21687541199736	510.0889914304548	209.12590639419906	208.23467369808833	282.2280817402769	366.3375082399473	341.8734344100198
3909	582.8450465707028	665.8950042337002	431.4191363251482	788.4394580863675	556.4530059271804	548.0897544453852	346.6782387806943	290.9017781541067	415.00677392040643	470.08552074513125	421.9949195596952
3910	80.443359375	76.978515625	48.052734375	136.32421875	113.64453125	114.3828125	32.302734375	32.423828125	47.224609375	55.91015625	45.7265625
3911	149.94586466165413	138.6887218045113	211.84812030075187	102.29774436090226	78.33383458646617	78.67669172932331	100.17443609022557	105.7578947368421	143.36390977443608	229.1203007518797	199.6390977443609
3912	382.05049088359044	451.7615708274895	325.5329593267882	433.12061711079946	293.2019635343618	288.218793828892	257.26227208976155	247.4249649368864	343.02244039270687	335.04908835904627	320.96633941093967
3913	426.1441307578009	485.05349182763746	297.43536404160477	497.65750371471023	372.82763744427933	365.23922734026746	266.2243684992571	264.1924219910847	374.7466567607727	393.14933135215455	338.9933135215453
3914	455.26904376012965	527.8606158833063	232.53484602917342	417.6742301458671	325.969205834684	320.4262560777958	220.90761750405187	219.72285251215558	298.1329011345219	293.9935170178282	256.1458670988655
3915	189.86847599164926	259.9582463465553	123.70146137787056	224.35073068893527	187.46137787056367	182.86638830897704	144.02087682672234	143.64926931106473	208.08977035490605	154.5302713987474	135.10229645093946
3916	34.64279475982533	42.237554585152836	28.560698689956332	42.79563318777293	31.28471615720524	31.65938864628821	23.222707423580786	27.278602620087337	30.72576419213974	35.86812227074236	31.502183406113538
3917	50.34044368600683	63.841296928327644	54.503412969283275	74.25085324232082	51.35409556313993	62.24061433447099	31.685153583617748	39.23037542662116	45.70221843003413	59.12372013651877	54.0759385665529
3918	65.01605024424285	71.91625959525472	53.07327285415213	63.958827634333566	45.3831123517097	45.68248429867411	33.7990230286113	33.19748778785764	49.7794836008374	61.89043963712491	48.25889741800419
3919	65.57824933687003	56.87798408488064	40.610079575596814	38.59416445623342	30.724137931034484	29.625994694960212	23.607427055702917	23.56763925729443	30.816976127320956	53.312997347480106	36.83819628647215
3920	46.36280487804878	42.36280487804878	26.239329268292682	33.55640243902439	21.196646341463413	21.009146341463413	21.07469512195122	18.753048780487806	28.367378048780488	30.74390243902439	24.208841463414632
3921	314.28875	341.7275	179.90375	245.19125	184.0525	187.48375	140.98625	152.7325	208.09125	223.5975	187.5325
3922	328.35135135135135	365.7779083431257	242.1081081081081	282.10223266745004	205.80493537015275	195.5487661574618	210.7015276145711	217.40305522914218	298.74500587544065	266.903642773208	249.5123384253819
3923	70.19858989424206	63.334900117508816	59.44183313748531	53.126909518213864	44.84371327849589	42.110458284371326	52.513513513513516	50.4054054054054	72.15041128084606	69.79200940070506	60.91186839012926
3924	33.045755968169765	33.65716180371353	49.2420424403183	36.88527851458886	26.939655172413794	26.857427055702917	19.320954907161802	17.717506631299734	27.159151193633953	53.08090185676392	48.147214854111404
3925	1002.4378257632167	1397.3767684288905	759.1958302308265	1570.5927029039465	1152.211466865227	1174.3246463142218	711.4445271779598	728.2174236783321	996.7267311988087	1028.0759493670887	893.2583767684289
3926	1007.7450331125827	1160.6076158940398	515.0289735099337	1095.4006622516556	760.4246688741722	801.5149006622516	516.4279801324503	461.307119205298	689.7044701986755	621.8203642384105	569.191225165563
3927	847.6550435865504	939.906600249066	448.2179327521793	861.3636363636364	559.7758405977584	568.1444582814446	351.585305105853	301.6077210460772	479.3437110834371	513.7970112079701	465.7895392278954
3928	1061.4180704441042	1303.4946401225116	467.64624808575803	974.9923430321593	688.2894333843798	655.5252679938744	468.88514548238896	385.34456355283305	612.4211332312404	541.7580398162328	494.04747320061256
3929	1080.0592105263158	1033.9769736842106	304.4046052631579	764.8174342105264	509.1019736842105	483.54276315789474	384.6200657894737	270.67763157894734	419.5	318.67598684210526	313.1233552631579
3930	1203.494262295082	1313.183606557377	432.9	989.1967213114754	745.3303278688525	739.75	445.2139344262295	422.8786885245902	618.9581967213114	526.1122950819672	486.3516393442623
3931	475.0381679389313	591.2576335877862	295.1965648854962	367.0057251908397	301.2748091603053	279.9751908396947	252.56106870229007	258.6965648854962	398.1965648854962	370.3587786259542	313.543893129771
3932	193.93573264781492	133.8611825192802	98.94601542416453	120.03598971722366	113.3598971722365	114.94087403598972	106.47814910025707	113.573264781491	143.84318766066838	125.29820051413881	124.81233933161954
3933	651.105069124424	766.3658986175116	453.5953917050691	729.1133640552995	549.1778801843318	540.0543778801843	395.8258064516129	390.0838709677419	582.010138248848	649.8405529953917	560.0857142857143
3934	804.25	959.2627118644068	317.6271186440678	594.2118644067797	417.6864406779661	430.9237288135593	392.35169491525426	322.78389830508473	469.8601694915254	390.885593220339	351.79237288135596
3935	611.7251063829788	760.851914893617	344.2442553191489	597.4382978723404	418.3923404255319	408.0204255319149	327.52851063829786	278.0289361702128	396.4987234042553	401.07659574468084	364.13957446808513
3936	1036.2767066180302	829.8608650338718	449.44762897342366	637.6889004689942	505.0760812923398	476.3480979676915	299.13183949973944	366.83845752996353	585.5237102657634	460.1724856696196	396.5898905680042
3937	759.358361774744	517.4607508532423	237.66211604095562	427.57679180887374	409.72354948805463	366.1467576791809	186.9556313993174	315.9453924914676	395.13651877133105	202.5358361774744	190.80887372013652
3938	134.41315789473686	157.82631578947368	52.25526315789474	138.4842105263158	109.2078947368421	105.13157894736842	73.26315789473684	74.58421052631579	90.6078947368421	67.88684210526316	63.078947368421055
3939	183.213866039953	149.97297297297297	92.41950646298473	118.26674500587544	84.20681551116334	85.84253819036428	58.00117508813161	65.03760282021152	86.1198589894242	90.06227967097533	81.70270270270271
3940	137.18064516129033	121.48064516129033	92.88064516129032	78.59032258064516	64.25967741935484	59.65806451612903	51.520967741935486	54.291935483870965	83.98709677419355	98.59838709677419	80.55645161290323
3941	119.9478021978022	105.1717032967033	56.300824175824175	50.559065934065934	36.994505494505496	32.04120879120879	36.792582417582416	36.10302197802198	50.339285714285715	57.82142857142857	52.760989010989015
3942	187.89124668435014	200.23342175066313	194.3129973474801	127.55702917771883	94.3129973474801	94.48541114058355	100.07161803713528	111.90716180371352	159.29177718832892	221.368700265252	172.3766578249337
3943	45.38408896492729	42.78699743370402	43.124037639007696	36.619332763045335	29.25662959794696	25.313943541488452	33.808383233532936	33.638152266894785	42.9863130881095	36.229255774165956	36.642429426860566
3944	50.51145038167939	61.31406761177754	43.2453653217012	65.33042529989095	48.0	49.31188658669575	31.695747001090513	33.099236641221374	44.59432933478735	54.73827699018539	49.12431842966194
3945	10.344221105527637	15.552763819095478	5.163316582914573	11.135678391959798	9.042713567839195	8.884422110552764	8.864321608040202	8.120603015075377	12.414572864321608	6.447236180904523	5.949748743718593
3946	4.24781206817135	5.597881160755413	3.896361123906034	3.519115614923998	2.6140027637033625	3.1377245508982035	2.950253339474896	3.213726393367112	4.414555504375864	3.306771073238139	4.032703823122985
3947	33.41950707918196	41.538017829050865	22.997378080755112	24.266911379129525	19.583639223911902	20.362873623492398	23.36811746198217	24.285264813843735	31.140010487676978	22.79653906659675	23.57420031463031
3948	20.986464968152866	30.089171974522294	34.642515923566876	33.517515923566876	27.24044585987261	29.770700636942674	21.671974522292995	26.246815286624205	31.56050955414013	35.75398089171974	34.10111464968153
3949	10.238521836506159	13.903695408734603	13.236282194848824	12.442329227323627	7.667413213885778	11.533034714445689	8.577827547592385	9.198208286674133	10.160134378499441	14.22956326987682	11.65845464725644
3950	26.527405602923263	28.478684531059685	33.31181485992692	18.918392204628503	26.138855054811206	27.40438489646772	28.839220462850182	25.275274056029232	55.05115712545676	35.79902557856273	35.969549330085265
3951	12.54510556621881	14.708253358925145	9.786948176583493	10.833013435700575	8.422264875239923	8.001919385796546	9.777351247600768	5.809980806142034	9.272552783109404	11.134357005758158	9.028790786948177
3952	74.23342175066313	90.026525198939	62.204244031830235	56.3289124668435	49.782493368700266	50.217506631299734	72.85145888594164	58.816976127320956	98.6976127320955	68.70291777188329	59.95490716180371
3953	173.12214983713355	153.11237785016286	143.11074918566774	102.72475570032573	70.55374592833876	75.09609120521172	117.02605863192183	107.14657980456026	141.68241042345278	152.53094462540716	110.56514657980456
3954	222.60164083865087	240.69826800364632	131.35551504102096	198.51595259799453	149.37739288969917	136.09024612579762	109.02278942570648	73.1376481312671	115.52689152233364	182.4193254329991	154.82771194165906
3955	668.3150684931506	656.0246575342466	406.2630136986301	612.4082191780822	497.38904109589043	495.2219178082192	254.14246575342466	251.2	331.92602739726027	494.46849315068494	460.67123287671234
3956	518.2771168649405	551.4692092372288	222.58012596221133	351.9247725682295	240.34324702589223	240.7102869139258	136.11546536039188	94.99300209937019	150.30685794261723	265.80300909727083	226.45416375087473
3957	330.8903002309469	413.52078521939956	120.52078521939954	279.9307159353349	207.04849884526558	206.85565819861432	95.12586605080831	72.22517321016166	121.59006928406467	169.95150115473442	140.50461893764435
3958	868.228701594533	992.2282460136674	254.26332574031892	567.5640091116173	430.3717539863326	448.31753986332575	234.89157175398634	220.32801822323464	331.2847380410023	321.69020501138954	231.5266514806378
3959	97.8567335243553	106.84957020057307	64.19340974212034	60.01002865329513	38.98137535816619	39.16618911174785	38.587392550143264	38.90830945558739	53.49856733524355	64.96991404011462	61.287965616045845
3960	29.885420944558522	33.7782340862423	24.105133470225873	26.58439425051335	20.03819301848049	21.37577002053388	16.903080082135524	20.42258726899384	23.370431211498975	22.657084188911703	25.238193018480494
3961	40.90153452685422	35.5997442455243	24.78005115089514	30.76982097186701	20.350383631713555	25.61381074168798	19.968030690537084	20.9693094629156	24.017902813299234	23.713554987212277	23.728900255754475
3962	51.59275452841974	65.44722048719551	38.57713928794504	50.212367270455964	40.171767645221735	38.70893191755153	32.486570893191754	36.292941911305434	48.469706433479075	48.60149906308557	44.791380387257966
3963	33.46251053074979	49.81381634372367	39.00421229991576	42.60488626790227	31.545071609098567	32.17017691659646	34.445661331086775	32.29064869418703	44.72198820556024	46.87868576242629	44.95956192080876
3964	17.15146831530139	26.78516228748068	40.683153013910356	32.36321483771252	21.023183925811438	23.100463678516228	28.935085007727974	27.157650695517773	39.085007727975274	41.57650695517774	35.061823802163836
3965	34.42625	30.60125	37.23625	33.27375	27.46375	31.4	26.42625	27.2475	36.97	36.64625	37.69875
3966	60.66103896103896	75.35714285714286	68.31818181818181	69.4	51.287012987012986	53.933766233766235	46.092207792207795	44.94675324675325	61.10779220779221	84.48311688311688	66.79480519480519
3967	30.070478723404257	39.264627659574465	29.238031914893618	38.234042553191486	32.9561170212766	32.163563829787236	22.695478723404257	21.636968085106382	35.454787234042556	35.680851063829785	29.799202127659573
3968	31.936548223350254	34.691624365482234	28.298223350253807	38.880710659898476	26.318527918781726	26.766497461928935	20.86294416243655	22.496192893401016	31.690355329949238	29.756345177664976	26.36294416243655
3969	410.69484536082473	278.4886597938144	528.9134020618557	422.5010309278351	340.4742268041237	329.08659793814434	341.859793814433	355.1216494845361	489.83505154639175	546.6288659793814	594.1752577319587
3970	279.71583514099785	241.40780911062907	295.7527114967462	353.28416485900215	250.9110629067245	234.14316702819957	256.1366594360087	239.54229934924078	324.3600867678959	244.99783080260303	279.25379609544467
3971	465.29899497487435	380.5753768844221	537.3316582914573	467.02010050251255	318.4321608040201	289.3643216080402	316.4924623115578	292.43467336683415	404.3743718592965	620.4899497487437	566.3492462311558
3972	427.8988195615514	438.5193929173693	299.09780775716695	410.6947723440135	286.787521079258	267.45699831365937	301.2192242833052	265.50590219224284	385.08600337268126	329.1298482293423	298.5564924114671
3973	464.21763392857144	436.7064732142857	319.875	407.83816964285717	307.71875	301.4341517857143	229.67633928571428	229.765625	312.8046875	370.40066964285717	337.52566964285717
3974	6020.564220183486	6858.766055045871	3526.454128440367	7450.371559633028	5678.568807339449	6203.027522935779	4536.105504587156	4928.0091743119265	4865.504587155963	3730.922018348624	4138.697247706422
3975	1398.3079584775087	2138.1608996539794	936.3512110726643	2586.325259515571	1789.7093425605535	1704.7283737024222	1036.143598615917	922.8096885813148	1076.560553633218	883.2889273356401	965.378892733564
3976	501.30430528375734	518.6213307240705	294.0900195694716	670.7553816046967	447.14579256360076	472.73874755381604	173.65068493150685	161.24559686888455	219.32289628180038	342.5420743639922	336.3679060665362
3977	598.7142857142857	509.6263736263736	231.7912087912088	531.8901098901099	338.7967032967033	354.2967032967033	164.28021978021977	137.8021978021978	190.74725274725276	230.71978021978023	246.6813186813187
3978	712.3648648648649	274.3918918918919	160.78378378378378	321.7567567567568	268.18918918918916	371.13513513513516	161.4189189189189	332.5810810810811	235.67567567567568	118.5	195.93243243243242
3979	348.8045283018868	292.1403773584906	125.92679245283018	248.04075471698113	181.97283018867924	168.1124528301887	170.24528301886792	143.19622641509434	194.9101886792453	107.76754716981132	111.20301886792453
3980	330.3085279739272	369.93970668115156	149.8299837045084	321.0787615426399	214.14231395980445	193.09777294948398	207.68875611080935	165.43183052688755	228.6947311243889	148.74579033134165	146.1830526887561
3981	374.56300997280147	294.30553037171353	168.0181323662738	261.6319129646419	184.79057116953763	163.4052583862194	237.86854034451497	212.30462375339982	273.08250226654576	138.0988213961922	154.18132366273798
3982	123.625	128.93	58.95	160.86	117.89	105.4	69.725	60.715	78.83	55.685	57.985
3983	53.58715596330275	40.9954128440367	75.33944954128441	69.02752293577981	59.642201834862384	56.522935779816514	61.18807339449541	58.87155963302752	81.55963302752293	72.03211009174312	93.10550458715596
3984	41.78961899503037	40.07675317504141	29.816675869685255	35.15350635008283	24.65654334621756	24.562120375483158	28.773053561568194	27.29596907785754	34.70568746548868	26.299834345665378	28.667586968525676
3985	27.96089850249584	36.901830282861894	27.189683860232947	29.356905158069882	23.831946755407653	24.46422628951747	29.088186356073212	32.29700499168053	42.00249584026622	28.103993344425955	29.282029950083196
3986	454.7985294117647	530.35	342.7352941176471	418.88823529411764	311.5029411764706	291.86617647058824	495.8955882352941	356.55	555.0176470588235	335.1941176470588	339.1941176470588
3987	795.0998697351281	680.6539296569691	305.81285280069477	512.8732088580113	430.57316543638734	376.2579244463743	684.2744246634824	506.1141988710378	743.2409900130265	247.36300477637863	279.2570560138949
3988	21.449056603773585	34.218867924528304	11.147169811320754	34.66981132075472	28.59811320754717	27.49245283018868	14.283018867924529	17.67735849056604	23.837735849056603	9.526415094339622	8.89811320754717
3989	0.5606326889279437	0.5571177504393673	0.2601054481546573	0.23022847100175747	0.17223198594024605	0.3093145869947276	0.22495606326889278	0.14586994727592267	0.335676625659051	0.3093145869947276	0.28998242530755713
3990	22.23051948051948	13.116883116883116	10.762987012987013	16.558441558441558	13.785714285714286	14.2987012987013	8.318181818181818	9.383116883116884	9.068181818181818	8.581168831168831	6.457792207792208
3991	249.08002689979824	283.48890383322123	205.76731674512442	196.3100201748487	136.06792199058506	134.63618022864827	106.83053127101547	103.6516476126429	133.2932078009415	229.51176866173503	198.50033624747815
3992	250.94390243902438	222.96829268292683	117.66585365853659	144.42439024390245	98.59756097560975	93.47073170731707	93.98780487804878	68.49512195121952	115.17560975609756	122.19268292682926	111.74878048780488
3993	215.28122020972356	236.28789323164918	101.71496663489037	129.6377502383222	92.25071496663489	88.71496663489037	76.85986653956148	66.0419447092469	106.51096282173499	125.62631077216396	106.66158245948522
3994	54.08704061895551	48.004835589941976	34.26015473887814	49.44874274661509	43.654738878143135	41.2321083172147	34.94874274661509	38.98549323017408	45.7678916827853	35.458413926499034	35.46808510638298
3995	11.756929637526653	8.849680170575693	8.242004264392325	9.284648187633262	6.369936034115138	6.346481876332622	5.866737739872068	5.753731343283582	7.6471215351812365	8.673773987206824	6.518123667377399
3996	13.690448791714614	15.107019562715765	10.431530494821635	11.387802071346375	8.749136939010357	11.462600690448792	12.800920598388952	11.703107019562715	17.039125431530493	9.95397008055236	10.8204833141542
3997	6.806818181818182	6.095170454545454	4.724431818181818	6.982954545454546	6.796875	6.519886363636363	4.248579545454546	5.052556818181818	6.1477272727272725	5.762784090909091	5.713068181818182
3998	6.805049088359047	8.338008415147264	10.336605890603085	9.44039270687237	7.952314165497897	8.02945301542777	5.9284712482468445	6.976157082748948	9.102384291725105	9.683029453015427	10.6507713884993
3999	14.19765625	15.68515625	14.14921875	14.25390625	9.6859375	10.45546875	11.68203125	13.60703125	18.103125	15.01015625	14.8953125
4000	66.49276859504133	65.84814049586777	89.00206611570248	51.86570247933884	35.40702479338843	38.75929752066116	49.22520661157025	62.39772727272727	69.0909090909091	58.210743801652896	74.64152892561984
4001	23.710526315789473	16.445344129554655	13.933198380566802	15.718623481781377	12.90080971659919	14.554655870445345	14.09919028340081	17.02834008097166	20.19838056680162	11.961538461538462	13.076923076923077
4002	28.657780979827088	30.007204610951007	21.12680115273775	29.240634005763688	19.703170028818445	22.465417867435157	17.512968299711815	19.280979827089336	27.878242074927954	24.542507204610953	24.304755043227665
4003	38.61764705882353	31.235294117647058	20.08288770053476	39.163101604278076	24.122994652406415	22.697860962566846	16.53475935828877	12.179144385026738	18.994652406417114	22.352941176470587	21.8475935828877
4004	45.82112845138055	30.63985594237695	39.48859543817527	35.09003601440576	41.91236494597839	38.02641056422569	21.98199279711885	31.51260504201681	29.266506602641055	25.18607442977191	34.96158463385354
4005	147.91601343784995	131.6942889137738	46.496080627099666	142.46584546472565	97.19484882418813	84.72228443449048	88.78275475923853	70.40985442329227	90.69652855543113	37.503919372900334	40.51287793952967
4006	15.688632619439868	17.869028006589787	12.370675453047776	14.079901153212521	9.99670510708402	10.705107084019769	11.85502471169687	10.771004942339374	13.285831960461286	12.00164744645799	12.247940691927512
4007	414.640756302521	327.5546218487395	192.89495798319328	333.02521008403363	232.7436974789916	190.6764705882353	262.6512605042017	222.9810924369748	300.63655462184875	180.41596638655463	186.7563025210084
4008	361.4841437632135	403.18393234672305	345.5369978858351	434.2367864693446	323.04228329809723	268.5475687103594	502.4397463002114	386.9830866807611	586.0380549682875	379.23044397463	354.9365750528541
4009	107.72645739910314	98.00896860986548	57.04932735426009	77.98206278026906	66.19955156950672	70.80269058295964	91.9237668161435	100.55829596412556	106.13677130044843	46.90134529147982	65.53587443946188
4010	22.78294080203692	19.76702737110121	15.63590070019096	16.232336091661363	13.105665181413112	13.060471037555697	13.660089115213239	12.570973901973266	15.750477402928071	13.125397835773393	13.177593889242521
4011	37.42364305427783	36.13799448022079	23.951701931922724	28.1278748850046	20.97930082796688	23.355105795768168	23.44296228150874	26.20653173873045	30.59567617295308	25.44526218951242	25.6099356025759
4012	10.505284015852048	13.590488771466314	10.692866578599736	8.840819022457067	6.531704095112286	6.601056803170409	10.521136063408191	9.568692206076618	13.535667107001322	11.440554821664465	10.622853368560106
4013	11.768731988472622	13.405619596541786	11.26657060518732	9.564841498559078	6.497118155619597	6.319164265129683	9.780259365994237	8.500720461095101	13.287463976945245	11.482708933717579	12.943804034582133
4014	9.993230174081237	9.411025145067699	7.306576402321083	8.82688588007737	4.679883945841393	5.820116054158607	4.20889748549323	5.499032882011606	6.541586073500967	6.414893617021277	5.390715667311412
4015	14.036476868327401	9.814946619217082	8.268683274021353	10.088967971530248	5.920818505338079	7.034697508896797	5.378113879003559	4.797153024911032	6.290035587188612	8.372775800711743	8.103202846975089
4016	17.561613958560525	15.890948745910578	7.959651035986914	11.773173391494002	8.900763358778626	8.10577971646674	6.667393675027263	6.264994547437295	10.85278080697928	9.113413304253	7.055616139585605
4017	23.38917525773196	22.76159793814433	12.835051546391753	16.662371134020617	13.592783505154639	12.323453608247423	15.087628865979381	11.413659793814434	19.193298969072163	15.186855670103093	14.289948453608247
4018	20.413729128014843	20.521335807050093	11.9443413729128	20.25417439703154	13.37847866419295	9.9443413729128	16.07792207792208	10.868274582560296	14.990723562152134	15.499072356215214	12.191094619666048
4019	18.761842959117455	19.7125243348475	12.996106424399741	14.18170019467878	9.35756002595717	9.928617780661908	12.941596365996107	10.142764438676185	12.914341336794289	12.0914990266061	10.289422452952628
4020	34.53304904051173	35.453091684434966	28.402985074626866	35.727078891257996	30.104477611940297	28.55223880597015	20.739872068230277	19.634328358208954	27.600213219616204	30.917910447761194	28.707889125799575
4021	83.13027744270205	96.06936067551267	64.64897466827503	88.96079613992762	63.82026537997587	60.776236429433055	57.63992762364294	53.384800965018094	65.53075995174909	71.97346200241255	67.82629674306393
4022	48.256437768240346	60.61802575107296	99.24248927038627	63.487124463519315	45.63197424892704	46.55042918454936	47.93884120171674	42.76716738197425	68.78755364806867	82.24463519313305	83.54828326180258
4023	461.94054054054055	414.65304054054053	225.13851351351352	278.36621621621623	200.4179054054054	185.01554054054054	265.7814189189189	227.0989864864865	324.7956081081081	231.22939189189188	214.9125
4024	596.2304054054053	568.0631756756757	296.5152027027027	406.28986486486485	282.71216216216214	262.1310810810811	279.87804054054055	246.89493243243243	359.3706081081081	299.10033783783786	283.1918918918919
4025	496.81298992161254	386.7357222844345	206.5531914893617	337.65061590145575	226.82082866741322	215.82754759238523	228.56215005599105	194.18141097424413	246.5711086226204	163.67973124300113	185.5498320268757
4026	54.74344827586207	57.89931034482758	24.77793103448276	69.20137931034483	47.12827586206897	48.84965517241379	30.95448275862069	31.606896551724137	43.32137931034483	22.21793103448276	26.162758620689655
4027	25.585335018963338	22.95069532237674	13.61314791403287	22.04551201011378	16.653603034134008	14.060682680151707	14.93299620733249	13.47408343868521	16.280657395701642	11.694058154235146	14.328697850821744
4028	21.935379644588046	23.94426494345719	14.212439418416801	20.84087237479806	14.524232633279484	14.966882067851373	13.680936995153473	14.457996768982229	16.67043618739903	16.0735056542811	14.55815831987076
4029	29.65021276595745	32.801702127659574	15.842553191489362	24.26382978723404	17.11063829787234	18.66723404255319	16.45531914893617	18.782127659574467	21.05276595744681	15.186382978723405	16.582978723404256
4030	31.600370599135267	41.7029030265596	16.62507720815318	24.23100679431748	16.49845583693638	18.798641136504013	14.60840024706609	13.662137121680049	18.78381717109327	17.413218035824585	17.232859789993825
4031	19.978858350951374	20.13107822410148	12.528541226215644	18.33403805496829	13.323467230443974	14.735729386892178	8.94291754756871	9.682875264270614	12.08245243128964	10.545454545454545	10.391120507399577
4032	11.75820895522388	10.463432835820896	12.74776119402985	9.690298507462687	6.883582089552239	7.123880597014925	8.146268656716417	7.2119402985074625	10.216417910447761	9.57910447761194	11.620149253731343
4033	5.727754237288136	8.328389830508474	7.639830508474576	6.240466101694915	5.564618644067797	4.155720338983051	6.289194915254237	8.647245762711865	9.479872881355933	7.8559322033898304	8.5
4034	1.5166959578207382	1.8998242530755711	1.2372583479789103	4.571177504393673	2.295254833040422	3.0579964850615116	2.101933216168717	2.365553602811951	2.0175746924428823	1.6942003514938488	1.5729349736379614
4035	1222.162162162162	1435.8108108108108	1611.6486486486488	2225.135135135135	1337.5945945945946	2316.527027027027	1861.3648648648648	2825.4189189189187	2379.527027027027	1316.6216216216217	1721.945945945946
4036	375.61290322580646	232.30967741935484	444.76129032258063	300.18064516129033	288.3483870967742	286.3483870967742	362.43870967741935	411.85806451612905	525.3354838709678	333.1548387096774	400.26451612903224
4037	434.1296442687747	525.3083003952569	373.67193675889325	468.22371541501974	317.2110671936759	316.95573122529646	356.098814229249	292.62213438735176	453.93596837944665	451.6308300395257	394.25612648221346
4038	658.9453781512605	818.1344537815127	513.5609243697479	719.4453781512605	549.2710084033613	556.2563025210084	324.91386554621846	336.5987394957983	508.8466386554622	636.8991596638656	511.8067226890756
4039	386.03757828810024	478.4279749478079	378.2651356993737	477.8475991649269	344.7098121085595	378.17536534446765	245.58246346555325	233.86012526096033	338.10020876826724	481.901878914405	393.8016701461378
4040	118.15743280307186	136.62753702687877	190.970378496983	251.01042238069118	166.6730663741086	175.67800329127812	109.6352166758091	81.43115743280308	148.17059791552387	248.28579264947888	201.59681843115743
4041	573.1942857142857	450.0885714285714	537.7657142857142	488.4428571428571	368.76	380.2114285714286	410.43142857142857	379.80571428571426	582.0228571428571	486.63428571428574	464.7942857142857
4042	358.76953125	482.755859375	274.87890625	373.78125	248.775390625	258.060546875	225.8125	206.427734375	295.46875	280.75390625	259.1640625
4043	54.89467455621302	73.0792899408284	82.08402366863905	69.21183431952663	51.89940828402367	51.917159763313606	104.48284023668639	100.07692307692308	145.08994082840238	93.27337278106509	86.53491124260356
4044	13.442857142857143	11.642016806722689	9.11344537815126	9.4890756302521	6.689915966386555	6.019327731092437	8.799159663865547	8.942857142857143	13.628571428571428	9.536134453781512	8.71344537815126
4045	21.267576075550892	24.687303252885624	13.709338929695697	17.70514165792235	17.916054564533052	12.786988457502623	19.773347324239243	17.96432318992655	25.79748163693599	12.614900314795383	14.38719832109129
4046	53.012897678417886	55.72484952708513	45.64746345657782	45.61994840928633	39.44196044711952	37.32158211521926	41.901117798796214	38.838349097162514	58.226999140154774	54.2871883061049	46.41530524505589
4047	46.16400911161731	62.337129840546694	44.716400911161735	39.95216400911162	31.276765375854215	35.14009111617312	32.21526195899772	30.314350797266513	41.11047835990888	49.63895216400911	42.7369020501139
4048	18.382022471910112	26.269662921348313	17.97752808988764	19.98876404494382	14.083837510803804	14.383751080380295	15.847882454624028	15.454624027657735	22.409680207433016	19.89974070872947	16.702679343128782
4049	37.21048632218845	53.142857142857146	37.7515197568389	42.48936170212766	32.10030395136778	31.617021276595743	40.94452887537994	39.55775075987842	53.05395136778115	53.224924012158056	41.58206686930091
4050	24.437801350048215	30.96239151398264	31.25940212150434	33.537126325940214	22.45708775313404	24.325940212150435	21.735776277724206	25.35969141755063	31.755062680810028	41.314368370298936	34.23432979749277
4051	14.150729335494328	15.962722852512156	13.39870340356564	9.920583468395462	6.069692058346839	9.311183144246353	10.552674230145866	12.658022690437601	17.3484602917342	9.12641815235008	11.345218800648299
4052	15.262081784386616	18.16914498141264	19.4182156133829	12.488847583643123	10.04460966542751	12.87639405204461	13.00092936802974	19.62732342007435	18.80111524163569	15.326208178438662	19.845724907063197
4053	9.529739776951672	9.847583643122677	7.217472118959108	7.794609665427509	5.830855018587361	5.121747211895911	7.711895910780669	8.409851301115241	10.214684014869889	6.91728624535316	6.9869888475836435
4054	40.55087209302326	60.64825581395349	37.28779069767442	63.19186046511628	44.72529069767442	49.02325581395349	37.13953488372093	43.82630813953488	57.53561046511628	41.026162790697676	42.70494186046512
4055	75.25518485121731	78.65667267808837	93.8514427412083	53.47294860234445	42.298467087466186	41.685978358881876	45.252254283137965	44.92132551848512	60.91862037871957	109.0112714156898	119.81289449954915
4056	89.37214885954381	64.35534213685474	214.25450180072028	46.303721488595436	39.42256902761105	30.62905162064826	41.611044417767104	52.99519807923169	61.142857142857146	103.09003601440577	123.60384153661465
4057	14.038539553752535	19.621703853955374	12.96551724137931	19.61866125760649	12.082150101419879	13.261663286004056	13.559837728194726	14.588235294117647	18.336713995943207	16.406693711967545	10.982758620689655
4058	69.58390578999018	61.66437684003925	40.14425907752699	43.463199214916585	27.80667320902846	28.7252208047105	27.176643768400393	23.21786064769382	32.671246319921494	37.61629048086359	34.80765456329735
4059	59.50443458980045	70.34811529933481	36.86474501108648	55.75831485587583	43.40133037694013	44.5920177383592	33.22727272727273	33.57982261640798	42.54545454545455	41.1019955654102	36.32039911308204
4060	23.232223903177005	33.03025718608169	15.156580937972768	25.930408472012104	16.521936459909227	19.29122541603631	19.509077155824507	17.99394856278366	19.842662632375188	16.35627836611195	15.736762481089258
4061	16.55193482688391	18.625254582484725	17.45010183299389	16.79429735234216	15.309572301425662	13.016293279022403	23.09164969450102	24.486761710794298	27.232179226069245	18.5152749490835	17.95926680244399
4062	7.839458413926499	3.839458413926499	11.132495164410058	4.871373307543521	5.124758220502901	7.096711798839459	3.5967117988394586	15.006769825918763	7.287234042553192	6.548355899419729	9.302707930367506
4063	7.773251345119139	9.559569561875481	6.025365103766333	5.872405841660261	4.835511145272867	5.47271329746349	7.872405841660261	6.396617986164489	7.966179861644888	5.8893159108378175	6.618754803996925
4064	44.36606498194946	66.96101083032491	48.83826714801444	86.12274368231047	57.97039711191336	57.2173285198556	34.60505415162455	36.48592057761733	46.12924187725632	62.07870036101083	51.51552346570397
4065	377.4385026737968	376.2331550802139	70.02139037433155	397.5219251336898	277.3229946524064	257.73689839572194	90.41604278074867	83.13903743315508	93.45454545454545	65.99893048128342	68.11764705882354
4066	23.519801980198018	23.58217821782178	18.586138613861387	15.685148514851486	13.597029702970296	13.004950495049505	11.531683168316832	15.489108910891089	18.155445544554457	15.071287128712871	17.095049504950495
4067	23.816990510619068	21.164482602801627	14.041120650700407	17.889290555806596	12.241301400813375	12.939900587437867	14.124265702666063	10.741075463172164	15.891549932218707	11.897424310890194	12.130591956619973
4068	52.69723320158103	63.62529644268775	48.71778656126482	43.87509881422925	34.469565217391306	31.122529644268774	34.58418972332016	40.90276679841897	53.58814229249012	41.47114624505929	49.796837944664034
4069	203.20617110799438	198.41514726507714	140.22720897615707	168.8499298737728	115.81346423562412	117.59887798036466	99.43338008415147	85.35063113604488	131.61009817671808	153.76998597475455	136.42776998597475
4070	114.98339483394834	135.33763837638375	97.16236162361623	116.41143911439114	90.68819188191883	83.11254612546125	148.6309963099631	128.59963099630997	156.7140221402214	114.880073800738	113.74354243542436
4071	48.53613666228647	49.75295663600526	46.796320630749015	38.842312746386334	32.40867279894875	37.30749014454665	28.83574244415243	32.13009198423128	36.749014454664916	37.729303547963205	41.957950065703024
4072	153.8304347826087	173.94782608695652	57.02173913043478	108.90434782608696	106.86086956521739	85.91304347826087	100.15652173913044	82.6608695652174	116.32608695652173	65.52608695652174	56.34347826086957
4073	86.48956356736242	101.68690702087287	30.445920303605313	62.903225806451616	45.52371916508539	40.009487666034154	38.51802656546489	31.937381404174573	46.239089184060724	37.512333965844405	31.229601518026566
4074	73.52248394004283	83.57173447537473	22.012847965738757	41.522483940042825	31.10706638115632	25.573875802997858	30.426124197002142	23.620985010706637	36.764453961456105	26.81156316916488	20.8779443254818
4075	37.96030042918455	37.38948497854077	16.81008583690987	26.433476394849784	20.438841201716738	17.76502145922747	17.29184549356223	19.61802575107296	22.722103004291846	18.361587982832617	17.48283261802575
4076	32.438515081206496	22.781902552204176	14.11368909512761	17.988399071925755	10.064965197215777	8.410672853828306	8.266821345707656	8.447795823665894	10.921113689095128	11.071925754060326	13.146171693735498
4077	8.060693641618498	11.193641618497109	8.50578034682081	11.297687861271676	8.903179190751445	7.670520231213873	7.958092485549133	6.469653179190751	8.098265895953757	6.002890173410405	8.804913294797688
4078	60.00547945205479	52.31506849315068	26.328767123287673	38.446575342465756	36.153424657534245	37.07671232876712	32.49041095890411	33.25205479452055	38.23561643835617	28.04931506849315	26.22739726027397
4079	21.98166259168704	18.53911980440098	12.82518337408313	14.41075794621027	10.84841075794621	8.8239608801956	12.98166259168704	14.969437652811736	17.616136919315405	11.504889975550123	11.766503667481663
4080	11.32688927943761	12.050966608084359	7.820738137082601	11.61511423550088	6.720562390158173	5.905096660808436	7.65377855887522	5.446397188049209	10.85237258347979	5.919156414762742	6.660808435852372
4081	38.00500834724541	74.14524207011686	44.202003338898166	52.24040066777963	43.714524207011685	46.26711185308848	48.76627712854758	43.95158597662771	65.37896494156928	49.03505843071786	45.959933222036724
4082	32.33846153846154	33.86223776223776	25.844755244755245	22.869230769230768	19.65244755244755	19.941258741258743	25.306293706293705	24.757342657342658	35.904895104895104	29.782517482517484	27.2
4083	12.115913555992142	15.628683693516699	17.390962671905697	11.772102161100197	10.43811394891945	11.318271119842828	13.738703339882122	16.19842829076621	16.92141453831041	17.962671905697444	14.929273084479371
4084	155.0850622406639	130.58091286307055	57.70124481327801	88.42738589211618	77.90871369294605	71.79045643153528	121.62240663900415	100.04356846473028	133.24896265560167	62.7448132780083	64.78008298755186
4085	37.4105504587156	38.08371559633027	27.80504587155963	43.434633027522935	29.732798165137616	27.799311926605505	20.004587155963304	20.78669724770642	27.584862385321102	30.96559633027523	27.895642201834864
4086	23.15568862275449	25.077844311377245	18.365269461077844	20.622754491017965	18.832335329341316	15.754491017964073	17.808383233532933	6.844311377245509	13.544910179640718	17.479041916167663	19.994011976047904
4087	27.51846785225718	31.937072503419973	19.715458276333788	27.14090287277702	17.627906976744185	20.20793433652531	19.29001367989056	17.39124487004104	23.448700410396718	19.48563611491108	16.972640218878247
4088	32.20838471023428	34.215166461159065	29.731196054254006	32.38224414303329	25.000616522811345	23.25030826140567	28.00431565967941	29.80086313193588	37.68680641183724	30.36683107274969	31.76572133168927
4089	23.653603034134008	28.299620733249053	26.317319848293298	22.189633375474084	18.216182048040455	14.59039190897598	19.452591656131478	20.56510745891277	24.833122629582807	29.95575221238938	25.646017699115045
4090	12.737470167064439	26.212410501193318	44.653937947494036	29.883054892601432	27.878281622911693	24.305489260143197	27.28400954653938	26.455847255369928	39.8090692124105	62.74224343675418	51.66348448687351
4091	65.82100238663485	48.73747016706444	41.58711217183771	41.19570405727924	32.43914081145585	39.37708830548926	30.79474940334129	29.589498806682577	45.673031026252985	46.43436754176611	40.88782816229117
4092	18.195004029008864	18.51490733279613	11.54552780016116	16.75825946817083	11.883964544721998	10.427880741337631	8.248992747784046	8.84689766317486	9.510072522159549	11.850926672038678	11.467365028203062
4093	15.211578947368421	14.84842105263158	11.809473684210527	14.758947368421053	8.296842105263158	9.486315789473684	7.6821052631578945	9.6	12.841052631578947	13.616842105263158	10.16842105263158
4094	10.6570796460177	14.738938053097344	10.665929203539823	13.347345132743364	9.40929203539823	11.882743362831858	6.924778761061947	6.732300884955753	10.451327433628318	9.949115044247788	8.446902654867257
4095	11.249116607773852	14.657243816254416	5.909893992932862	9.379858657243815	8.457597173144876	7.46643109540636	5.9946996466431095	4.782685512367491	9.116607773851591	7.30565371024735	7.570671378091872
4096	25.072	23.011	15.3295	19.046	15.2255	15.0405	11.2355	14.034	19.514	13.5285	15.2975
4097	41.24018944519621	37.5	32.49661705006766	35.32205683355886	30.147496617050066	31.239512855209743	29.978349120433016	36.06833558863329	40.9127198917456	21.087280108254397	29.59336941813261
4098	37.84111221449851	44.63853028798411	30.699106256206555	34.79443892750745	27.549155908639523	25.399205561072492	24.844091360476664	27.224428997020855	30.901688182720953	29.3038728897716	28.478649453823238
4099	28.041614123581336	31.209962168978564	22.5	24.664564943253467	20.239596469104665	20.704918032786885	22.602143757881464	24.331651954602773	29.540983606557376	22.576923076923077	23.674022698612863
4100	296.62259800153726	388.9469638739431	204.847809377402	335.369715603382	258.3658724058417	253.45196003074557	248.95388162951576	231.37355880092235	323.10607225211373	252.88470407378938	229.75787855495773
4101	282.4695362230979	298.8678387390118	191.0478933010003	246.09821157926643	181.08184298272204	178.74083055471354	119.32676568657169	128.8196423158533	185.01091239769627	218.28463170657776	185.32919066383752
4102	315.05610972568576	298.53179551122196	172.3640897755611	208.54862842892769	154.34725685785537	152.13965087281795	89.23254364089776	101.63279301745636	124.3285536159601	186.04488778054863	171.70199501246884
4103	503.623869801085	544.2296564195299	346.2661844484629	380.3493670886076	299.473417721519	301.3934900542495	214.0998191681736	241.7132007233273	326.6368896925859	407.9088607594937	340.1732368896926
4104	738.7489300998574	963.9971469329529	517.4379457917261	622.4094151212554	496.0784593437946	480.0613409415121	609.0684736091298	532.8972895863053	825.6547788873039	638.4293865905848	534.262482168331
4105	831.6259087904825	997.358889623265	544.8215465961665	781.7974223397224	607.3955717118308	576.6047587574355	485.2647058823529	470.35029742233974	698.6956378056841	638.4904163912756	530.3536021150034
4106	1737.763556116015	1784.390920554855	1209.2383354350568	1340.6349306431273	1019.826607818411	954.4073139974779	1095.8562421185372	998.4514501891551	1451.9899117276166	1519.0907944514502	1286.1677175283733
4107	52.843966179861646	74.93235972328978	39.52036894696388	83.19292851652575	62.3412759415834	63.16833205226749	46.89392774788624	45.40046118370484	64.5749423520369	49.6456571867794	47.635664873174484
4108	91.90345649582837	97.23361144219308	34.94755661501788	65.57806912991657	49.29439809296782	49.280095351609056	42.36829558998808	41.415971394517285	56.847437425506556	34.5554231227652	36.282479141835516
4109	86.81569560047562	105.51367419738406	79.84720570749109	96.73483947681332	78.0986920332937	74.19441141498217	77.42390011890606	68.39417360285374	104.47919143876338	97.85315101070155	85.18787158145065
4110	17.486381322957197	18.494163424124512	16.926070038910506	8.163424124513618	10.73929961089494	9.630350194552529	12.011673151750973	11.40466926070039	16.35408560311284	13.66147859922179	14.120622568093385
4111	35.74155069582505	37.07355864811133	17.182902584493043	26.62226640159046	21.596421471172963	22.560636182902584	17.67395626242545	19.755467196819087	23.170974155069583	15.608349900596421	16.302186878727635
4112	29.20967741935484	68.420395421436	92.27055150884496	37.674817898022894	32.96253902185224	46.20343392299688	68.51196670135276	45.170655567117585	77.3522372528616	124.44901144640998	131.8834547346514
4113	17.974233128834356	25.65766871165644	11.955828220858896	18.196319018404907	13.715337423312883	14.41840490797546	19.94601226993865	19.204907975460124	26.385276073619632	17.386503067484664	16.61840490797546
4114	16.462326261887345	14.751280175566935	14.232626188734455	13.434528163862472	11.089978054133137	12.34235552304316	9.436722750548647	9.05340160936357	13.638624725676664	13.927578639356254	14.373811265544989
4115	12.196902654867257	16.06858407079646	31.77654867256637	14.028761061946902	12.04646017699115	12.646017699115044	13.9070796460177	17.396017699115045	16.460176991150444	24.378318584070797	27.0641592920354
4116	65.56404958677686	72.12809917355372	49.74586776859504	41.27892561983471	28.326446280991735	29.142561983471076	29.609504132231404	35.29442148760331	44.71487603305785	57.70661157024794	52.7551652892562
4117	25.139931740614333	35.52303754266212	27.458191126279864	28.582764505119453	20.840443686006825	23.431740614334473	14.0179180887372	16.391638225255974	22.005972696245735	29.116040955631398	25.537542662116042
4118	20.526564344746163	24.9616292798111	30.524203069657617	22.662337662337663	15.185360094451003	17.524203069657617	17.43034238488784	25.066706021251477	26.994687131050767	23.706021251475796	26.446871310507674
4119	10.983182406209574	10.03751617076326	10.141009055627425	9.390685640362225	8.771021992238033	6.675291073738681	9.340232858990944	11.61190168175938	10.51875808538163	10.195342820181112	9.430789133247089
4120	6.548192771084337	10.930722891566266	4.0602409638554215	5.192771084337349	5.8102409638554215	3.6957831325301207	4.045180722891566	5.828313253012048	6.774096385542169	4.219879518072289	4.828313253012048
4121	15.448908296943232	17.193886462882094	15.385152838427947	11.253275109170305	8.962445414847162	9.51528384279476	10.402620087336244	13.963318777292576	17.326637554585155	12.969432314410481	12.006113537117903
4122	14.324596774193548	16.753024193548388	8.007056451612904	9.07358870967742	6.809475806451613	6.713709677419355	7.182459677419355	9.210685483870968	11.441532258064516	9.057459677419354	8.356854838709678
4123	3.937639198218263	5.590200445434299	8.238307349665924	4.2383073496659245	1.913140311804009	1.7973273942093542	1.866369710467706	1.4721603563474388	2.5812917594654787	4.11358574610245	5.44097995545657
4124	7.145228215767635	5.639004149377594	12.526970954356846	4.352697095435684	2.296680497925311	2.3609958506224067	2.6784232365145226	1.7676348547717842	3.319502074688797	4.912863070539419	6.670124481327801
4125	16.883567299752272	16.569777043765484	17.164327002477293	17.674649050371595	11.72914946325351	11.857142857142858	11.289843104872007	10.53757225433526	15.755573905862923	15.137902559867877	17.168455821635014
4126	14.919258769027135	12.958967571144937	10.795499669093315	11.604897418927862	7.393117140966248	9.347452018530774	6.931833223031105	7.1800132362673725	9.637988087359364	11.14228987425546	10.13633355393779
4127	58.84816753926702	80.04188481675392	44.07853403141361	44.93717277486911	33.204188481675395	31.157068062827225	47.602094240837694	50.35078534031414	58.246073298429316	38.230366492146594	34.98429319371728
4128	36.3587786259542	48.55616139585605	48.92257360959651	43.725190839694655	33.99454743729553	32.25627044711014	38.88331515812432	33.99563794983642	53.465648854961835	58.48091603053435	53.12213740458015
4129	253.41870350690755	261.2858660998937	32.36981934112646	107.36450584484591	77.36663124335813	74.42933049946865	77.66099893730075	66.61530286928799	94.51753453772582	32.88629117959617	31.193411264612116
4130	78.4448669201521	103.6074144486692	17.727186311787072	64.4296577946768	46.05988593155894	42.12832699619772	39.118821292775664	37.07319391634981	53.22623574144487	20.942015209125476	19.403041825095055
4131	76.14866581956798	78.97712833545108	15.46569250317662	56.015247776365946	43.173443456162644	41.250317662007625	33.10482846251588	31.824650571791615	46.710292249047015	15.663278271918678	14.456797966963151
4132	56.57214428857716	63.578156312625254	16.62424849699399	39.69839679358717	31.32364729458918	31.03807615230461	24.783567134268537	24.04008016032064	29.026052104208418	15.181362725450901	18.95390781563126
4133	123.5760649087221	123.13387423935092	42.24340770791075	73.80933062880325	58.828600405679516	55.06085192697769	44.31541582150101	46.94929006085193	58.1815415821501	43.15212981744422	42.51724137931034
4134	119.4607786170831	146.8175479372458	63.43927948866938	115.41894247530506	77.90644973852412	74.93840790238234	78.62870424171993	68.80592678675188	98.99360836722836	70.95525857059849	66.75886112725159
4135	130.8865671641791	156.02611940298507	93.4589552238806	135.62014925373134	101.3910447761194	100.0768656716418	93.53955223880597	84.63955223880598	124.05522388059701	115.02014925373135	101.33805970149254
4136	4.15893385982231	3.570582428430405	3.2892398815399804	5.178677196446199	3.8943731490621913	3.9930898321816386	4.347482724580454	2.7808489634748272	6.315893385982231	2.145113524185587	1.7561697926949655
4137	2.2866141732283465	4.048818897637795	2.409448818897638	4.5007874015748035	3.436220472440945	3.552755905511811	13.28976377952756	1.6425196850393702	13.937007874015748	1.779527559055118	1.5385826771653544
4138	2.47	2.4778571428571428	2.3285714285714287	3.0357142857142856	2.222142857142857	3.36	10.051428571428572	2.059285714285714	11.174285714285714	2.1221428571428573	1.51
4139	19.885157096424702	27.17009750812568	19.4192849404117	26.049837486457204	20.175514626218852	21.73564463705309	30.51895991332611	21.566630552546044	36.515709642470206	21.10617551462622	20.001083423618635
4140	102.28653846153846	94.33846153846154	134.64807692307693	101.50288461538462	70.72211538461538	69.21634615384616	85.00192307692308	82.78557692307692	118.53173076923076	119.73846153846154	125.17884615384615
4141	54.23435419440746	49.26431424766977	35.35352862849534	35.82822902796271	28.657789613848202	33.87749667110519	28.292276964047936	31.931424766977365	35.46737683089214	35.17509986684421	38.22569906790945
4142	22.074398249452955	29.0109409190372	16.11378555798687	26.083150984682714	20.419037199124727	19.7144420131291	16.897155361050327	14.361050328227572	21.722100656455144	21.175054704595187	16.566739606126916
4143	23.045106382978723	24.374468085106383	23.700425531914895	20.74382978723404	14.403404255319149	14.04	12.755744680851064	15.324255319148936	17.549787234042554	19.59659574468085	21.216170212765956
4144	25.29658536585366	31.841951219512197	11.983414634146342	25.10341463414634	22.262439024390243	23.71219512195122	21.70731707317073	22.60878048780488	31.674146341463416	10.181463414634147	10.919024390243903
4145	15.311850311850312	19.780665280665282	12.0	16.2972972972973	10.844074844074845	13.778586278586278	17.806652806652806	16.31704781704782	19.95218295218295	12.014553014553014	12.436590436590437
4146	5.2964705882352945	6.87764705882353	8.301176470588235	6.03764705882353	4.727058823529412	5.456470588235294	3.5647058823529414	5.247058823529412	3.5552941176470587	9.369411764705882	11.251764705882353
4147	38.06857727737973	27.230296827021494	28.07267144319345	20.26816786079836	16.841351074718528	16.37154554759468	27.066530194472875	27.42272262026612	31.668372569089048	23.01842374616172	25.88229273285568
4148	13.71875	9.63359375	7.7421875	10.303125	7.56015625	6.21875	8.675	7.99296875	9.509375	8.30625	8.171875
4149	10.66970802919708	9.49087591240876	12.538321167883211	11.069343065693431	7.427007299270073	5.936131386861314	8.162408759124087	6.423357664233577	10.19890510948905	15.456204379562044	12.644160583941606
4150	67.39024390243902	73.16780487804878	75.09658536585366	68.84390243902439	57.98634146341463	54.654634146341465	63.36390243902439	62.62926829268293	82.35024390243902	76.6819512195122	76.2809756097561
4151	27.179646017699117	31.642477876106195	18.84424778761062	27.62212389380531	16.750442477876106	17.257522123893807	19.255752212389382	17.10353982300885	22.253097345132744	22.295575221238938	23.64778761061947
4152	17.759538598047914	24.97338065661047	18.323868677905946	19.097604259094943	12.914818101153505	14.5527950310559	16.952085181898845	17.18633540372671	23.539485359361137	15.940550133096718	16.46317657497782
4153	4.695137976346912	7.989487516425756	4.969776609724048	7.211563731931669	4.955321944809461	5.4152431011826545	4.080157687253614	4.726675427069646	5.340341655716163	5.508541392904074	5.9710906701708275
4154	22.408221797323137	24.823135755258125	34.767686424474185	25.535372848948374	22.67208413001912	19.831739961759084	31.415869980879542	31.934034416826005	39.6434034416826	43.33747609942639	38.297323135755256
4155	16.364082433758586	16.007850834151128	19.68596663395486	16.800785083415114	10.512266928361138	9.986261040235526	17.675171736997054	14.820412168792934	20.45927379784102	18.822374877330716	19.987242394504417
4156	7.641196013289036	8.188704318936876	12.524916943521594	7.851827242524917	4.771428571428571	4.786046511627907	9.129568106312293	9.491694352159469	11.354817275747509	15.37607973421927	13.506976744186046
4157	130.4477468839885	153.04410354745926	72.58485139022052	118.24065196548418	95.21860019175456	84.47651006711409	95.16395014381591	86.74688398849473	110.87248322147651	78.65004793863854	75.94630872483222
4158	15.811007957559681	16.472811671087534	18.27320954907162	19.65450928381963	14.740053050397877	13.903846153846153	18.169098143236074	17.163793103448278	23.146551724137932	19.339522546419097	17.303050397877985
4159	184.05	158.25294117647059	233.03676470588235	171.5235294117647	124.82058823529412	122.08970588235294	201.43382352941177	169.38382352941176	247.98529411764707	217.18823529411765	225.2220588235294
4160	24.217566478646255	34.20225624496374	19.78485092667204	21.697018533440772	18.386784850926674	17.368251410153103	19.543916196615633	21.068493150684933	29.937953263497178	22.286865431103948	20.481063658340048
4161	16.633587786259543	19.94732824427481	11.106870229007633	13.180916030534352	8.11679389312977	10.017557251908396	12.12824427480916	14.744274809160306	17.906106870229006	13.402290076335877	12.950381679389313
4162	6.525328330206379	6.050656660412758	5.842401500938086	7.938086303939962	4.487804878048781	6.425891181988743	5.078799249530957	4.560975609756097	4.050656660412758	4.649155722326454	6.75234521575985
4163	12.87406015037594	10.640977443609023	10.227443609022556	9.74906015037594	7.93984962406015	8.42951127819549	6.49906015037594	7.636278195488722	8.274436090225564	9.844924812030076	8.215225563909774
4164	9.116896918172158	12.946865037194474	8.499468650371945	11.05951115834219	7.0201912858661	8.810839532412327	8.34962805526036	9.771519659936239	9.803400637619553	10.729011689691816	9.188097768331563
4165	4.610878661087866	5.943514644351464	8.210251046025105	5.928870292887029	4.382845188284519	4.076359832635983	4.419456066945607	6.081589958158996	5.896443514644352	8.407949790794978	7.663179916317992
4166	18.194581280788178	20.438423645320196	17.444581280788178	13.486453201970443	9.533251231527094	8.826354679802956	10.74384236453202	7.8411330049261085	13.16256157635468	14.827586206896552	15.93472906403941
4167	43.966412213740455	47.12900763358778	42.26030534351145	40.12442748091603	28.716030534351145	33.85190839694656	29.051145038167938	34.02900763358779	41.74351145038168	44.106106870229006	42.74809160305343
4168	12.819718309859155	17.156338028169014	13.443661971830986	15.53943661971831	12.721126760563381	10.33943661971831	11.188732394366196	7.936619718309859	14.184507042253522	16.383098591549295	13.471830985915492
4169	23.00988467874794	27.041186161449755	17.569192751235583	22.702635914332784	16.32866556836903	16.427512355848435	13.94316309719934	14.964579901153213	19.691103789126853	17.63838550247117	15.665568369028007
4170	45.96223021582734	46.64658273381295	30.865107913669064	44.78417266187051	30.822841726618705	32.435251798561154	31.27338129496403	30.50089928057554	42.08902877697842	33.14118705035971	31.9181654676259
4171	78.26315789473684	80.17408906882591	51.022267206477736	71.27327935222672	54.19433198380567	56.51012145748988	41.963562753036435	45.12955465587044	52.487854251012145	72.94331983805668	59.526315789473685
4172	152.70141342756185	151.03003533568904	86.19964664310955	145.2296819787986	100.33745583038869	108.96466431095406	71.04063604240282	78.73498233215548	102.66077738515901	88.23144876325088	81.21024734982332
4173	25.011746280344557	25.952231793265465	22.615505090054818	24.711824588880187	17.41816758026625	20.79013312451057	19.4283476898982	22.21848081440877	27.250587314017228	23.799530148786218	24.23492560689115
4174	10.282191780821918	11.616438356164384	11.032191780821918	12.186986301369863	9.22054794520548	9.37945205479452	7.426027397260274	8.06986301369863	9.856164383561644	12.234931506849316	12.88082191780822
4175	57.250797024442086	76.69287991498406	66.85547290116897	54.24017003188098	40.24760892667375	46.51009564293305	44.04144527098831	53.379383634431456	63.89160467587673	71.33581296493092	68.403825717322
4176	27.95382585751979	33.556728232189975	29.38258575197889	23.828496042216358	22.885224274406333	21.7532981530343	22.20712401055409	25.240105540897098	32.53693931398417	29.631926121372032	28.905013192612138
4177	19.90161414296695	24.6325903151422	10.568024596464259	15.109915449654112	12.081475787855496	11.525749423520368	10.123750960799384	9.454265949269793	14.321291314373559	9.90238278247502	10.176787086856264
4178	28.153241650294696	24.856581532416502	11.455795677799607	26.275049115913557	21.856581532416502	22.341846758349707	19.57956777996071	18.00392927308448	22.88212180746562	12.337917485265226	10.658153241650295
4179	57.652261306532665	65.64120603015076	44.6713567839196	38.370854271356784	28.86532663316583	30.275376884422112	32.52462311557789	35.7678391959799	49.35477386934674	48.75075376884422	45.153768844221105
4180	201.06674208144796	260.21380090497735	134.66176470588235	237.10294117647058	191.99660633484163	182.789592760181	163.7443438914027	146.63800904977376	224.56334841628959	166.14253393665157	154.9943438914027
4181	197.11404087013844	210.88925510876732	197.4897824653922	196.75807514831905	153.96242584047462	148.20237310481212	140.1529334212261	135.64139749505603	199.14897824653923	198.17732366512854	202.50296638101517
4182	13.539900249376558	13.709476309226932	9.261845386533667	14.023067331670823	10.049875311720697	11.178304239401497	6.285536159600998	6.960099750623441	9.51496259351621	10.920822942643392	10.473815461346634
4183	54.37752808988764	63.48876404494382	34.57303370786517	42.73932584269663	30.085393258426965	31.023595505617976	26.151685393258425	26.847191011235957	36.53370786516854	34.61685393258427	30.80112359550562
4184	116.37452229299363	133.42420382165605	84.61656050955413	71.9796178343949	60.496815286624205	58.55031847133758	53.69299363057325	50.978343949044586	77.54904458598726	109.4687898089172	82.67770700636943
4185	170.60826446280993	161.55206611570247	126.3801652892562	116.39669421487604	90.06611570247934	92.24628099173553	66.09256198347107	84.50247933884297	98.07272727272728	129.7900826446281	109.94049586776859
4186	5.797713717693837	6.833001988071571	5.1585487077534795	5.4458250497017895	3.731113320079523	3.8802186878727634	4.960735586481113	5.6272365805168985	5.651590457256461	6.520377733598409	4.944333996023857
4187	6.687068965517241	5.302586206896552	5.135344827586207	6.31551724137931	4.36551724137931	4.0681034482758625	3.0232758620689655	3.45	5.475862068965517	4.416379310344827	3.825
4188	84.60845383759732	109.99666295884316	46.24582869855395	82.81979977753059	66.48720800889878	58.301446051167964	45.982202447163516	57.38820912124583	65.74860956618465	52.37152391546162	51.00889877641824
4189	185.4348641049672	216.23711340206185	141.0037488284911	142.13870665417056	114.8331771321462	108.37207122774133	125.58669165885661	118.94751640112464	175.12183692596065	155.63074039362698	136.76288659793815
4190	172.71428571428572	162.5172054223149	192.24504692387904	158.32533889468195	118.7466110531804	113.44108446298227	117.77997914494264	117.34827945776851	163.67049009384775	230.281543274244	201.39311783107402
4191	233.44764795144158	296.0273141122914	194.6980273141123	375.0030349013657	285.040971168437	294.6889226100152	184.07283763277692	183.0	248.051593323217	232.88012139605462	218.3156297420334
4192	271.49668874172187	286.33112582781456	107.14039735099338	328.1774834437086	195.9364238410596	205.97218543046358	139.6384105960265	104.81059602649006	156.041059602649	113.04768211920529	102.20927152317881
4193	320.18225806451613	346.1241935483871	258.0064516129032	434.6629032258065	304.7241935483871	293.7790322580645	262.3822580645161	238.71451612903226	306.8048387096774	227.28548387096774	247.23548387096776
4194	39.8696925329429	45.33528550512445	22.764275256222547	62.65300146412884	40.096632503660324	37.20790629575403	17.84187408491947	15.989751098096633	19.2298682284041	22.797950219619327	20.76866764275256
4195	30.77146814404432	32.353185595567865	28.76869806094183	41.337950138504155	28.394736842105264	25.80747922437673	29.951523545706372	25.265927977839336	38.8601108033241	23.78808864265928	26.457063711911356
4196	11.53452685421995	15.675191815856778	15.937340153452686	21.82225063938619	14.705882352941176	13.70076726342711	11.313299232736572	12.535805626598465	14.346547314578006	18.785166240409207	20.054987212276213
4197	13.307142857142857	17.544897959183672	9.728571428571428	14.101020408163265	9.373469387755103	10.039795918367346	9.840816326530613	10.45204081632653	11.820408163265306	12.11530612244898	11.514285714285714
4198	14.50402761795167	12.306098964326813	11.926352128883774	15.553509781357883	10.447640966628308	13.739930955120828	10.185270425776755	10.277330264672036	12.699654775604143	11.178365937859608	11.491369390103568
4199	30.18786857624263	31.767481044650378	32.14743049705139	26.164279696714406	22.25273799494524	18.78854254422915	23.712721145745576	21.877843302443132	27.07329401853412	28.288121314237575	28.887952822240944
4200	159.92350486787205	195.39777468706538	118.08066759388039	131.03755215577192	104.88595271210013	99.6230876216968	146.46036161335186	121.24617524339361	177.64394993045897	133.42002781641168	124.35465924895688
4201	24.632887189292543	26.31357552581262	14.476099426386233	30.449330783938816	21.665391969407267	21.52581261950287	10.931166347992352	11.54110898661568	14.880497131931167	16.42734225621415	15.419694072657744
4202	109.73199635369188	108.51321786690976	80.07292616226071	105.17866909753874	81.79216043755697	79.97174111212398	51.48313582497721	51.956244302643576	73.77939835916135	99.42114858705561	85.42844120328168
4203	50.93267023718439	51.75286916602907	39.82402448355011	48.29533282325937	28.774292272379494	29.05432287681714	30.344299923488904	25.691660290742156	35.78423871461362	42.363427697016064	38.80872226472839
4204	405.76052249637155	475.489114658926	372.899854862119	526.2612481857765	418.22641509433964	390.86937590711176	347.8679245283019	361.6719883889695	505.6240928882438	426.2656023222061	396.16835994194486
4205	211.8811493252068	276.7501088376143	158.9420983892033	211.29429690901176	156.5010883761428	149.85111014366566	136.077492381367	128.73269481932957	183.35959947757945	193.5520243796256	163.0069656073139
4206	23.646217986896964	24.344848123883263	16.490172721858247	23.6605122096486	17.126265634306133	14.868374032162	11.75818939845146	10.436569386539606	15.394877903513997	18.921381774865992	18.746277546158428
4207	21.87681459975114	22.072583990045626	13.825383658233099	18.545831605143093	14.715470759021153	15.274989630858565	14.834508502695977	14.724180837826628	19.748652011613437	13.79427623392783	13.216092907507258
4208	23.883701542309296	24.27511463109629	14.812838682784493	20.144643601500626	14.714047519799916	15.179241350562734	14.561067111296374	16.70154230929554	19.038766152563568	15.295539808253439	15.328470195914965
4209	47.242823894491856	48.43599689681924	28.220325833979828	34.92862684251357	26.164468580294802	27.87276958882855	31.166795965865013	31.251357641582622	39.112490302560126	29.069821567106285	26.25290923196276
4210	17.957253886010363	18.167098445595855	13.607512953367875	16.28886010362694	13.023963730569948	12.958549222797927	14.880181347150259	14.847150259067357	17.460492227979273	11.624352331606218	14.705310880829016
4211	238.13741339491918	228.94226327944574	65.98383371824481	158.4757505773672	123.97228637413394	108.10969976905312	157.25173210161662	140.5635103926097	185.02771362586606	70.09699769053118	67.91454965357968
4212	1621.1057388160868	1847.0501581563487	245.15228197017623	1127.50745594216	841.1545413465883	876.0171712607321	181.33709896068686	141.5210122006326	214.8097605061003	324.49480343425216	255.77541798463625
4213	404.98972809667674	487.2990936555891	209.74561933534744	224.4084592145015	167.53172205438065	161.29003021148037	182.17099697885197	157.73172205438067	243.2036253776435	262.81510574018125	205.5323262839879
4214	39.60262008733624	48.09825327510917	33.04585152838428	33.86026200873363	22.980349344978166	25.943231441048034	28.028384279475983	21.475982532751093	32.28384279475983	36.29475982532751	37.27292576419214
4215	5.655574043261232	6.756239600665557	5.3885191347753745	4.737936772046589	3.6622296173044924	5.070715474209651	4.871880199667221	5.527454242928453	6.262063227953411	5.892678868552412	4.709650582362729
4216	28.543514644351465	29.514644351464437	20.3744769874477	23.928451882845188	17.8510460251046	16.72970711297071	16.594560669456065	16.289121338912135	19.710878661087865	22.709205020920503	24.297907949790794
4217	25.44031830238727	38.610079575596814	28.546419098143236	35.148541114058354	28.522546419098145	26.583554376657826	22.97082228116711	27.79045092838196	34.37665782493369	32.0026525198939	33.46949602122016
4218	20.399132321041215	17.245119305856832	10.713665943600867	13.720173535791757	13.140997830802602	10.776572668112799	18.112798264642084	15.342733188720173	22.342733188720175	13.38177874186551	10.635574837310195
4219	255.78980322003576	403.8819320214669	262.04919499105546	485.1422182468694	386.7334525939177	386.36940966010735	263.63416815742397	243.7978533094812	374.8720930232558	378.5035778175313	321.2665474060823
4220	358.9786931818182	427.7698863636364	365.25	438.40767045454544	350.47159090909093	339.23153409090907	264.28267045454544	279.6036931818182	379.3536931818182	434.68892045454544	396.6761363636364
4221	339.6891651865009	361.43694493783306	212.32326820603907	319.35168738898756	246.3872113676732	243.93072824156306	173.22380106571936	210.60390763765542	252.01598579040854	273.39253996447604	224.46536412078152
4222	92.50278810408922	123.09758364312268	55.04368029739777	81.5418215613383	59.84851301115241	59.73048327137546	49.77973977695167	49.69144981412639	66.1096654275093	64.81319702602231	59.36895910780669
4223	137.45701357466064	158.40158371040724	102.21945701357465	96.82013574660634	89.1131221719457	88.55995475113122	97.21266968325791	107.01131221719457	137.80769230769232	119.15837104072398	108.20361990950227
4224	121.65194346289752	137.15901060070672	139.3303886925795	172.3303886925795	112.72968197879858	109.89929328621908	108.81978798586573	104.30212014134275	139.48939929328623	123.34098939929329	139.2190812720848
4225	53.201574803149605	58.333858267716536	61.44094488188976	93.31811023622048	70.43622047244095	58.36220472440945	57.0503937007874	58.60472440944882	73.00629921259842	71.49606299212599	79.06141732283464
4226	21.568123393316196	22.177377892030847	19.115681233933163	30.336760925449873	20.00771208226221	18.9280205655527	16.089974293059125	16.203084832904885	22.1439588688946	17.732647814910024	18.868894601542415
4227	21.362670713201823	21.96206373292868	23.314112291350533	24.471927162367223	21.203338391502275	20.470409711684372	16.91502276176024	16.597875569044007	23.79969650986343	27.87556904400607	25.95599393019727
4228	30.966209081309398	33.58711721224921	26.291446673706442	33.610348468849	26.971488912354804	25.578669482576558	33.359028511087644	36.53009503695882	44.22703273495248	27.051742344244985	26.254487856388597
4229	18.874164810690424	21.58184855233853	20.233853006681514	26.19153674832962	18.75946547884187	20.235523385300667	18.733853006681514	20.967706013363028	22.638641425389753	19.771714922048996	22.099109131403118
4230	7.4711462450592885	10.035573122529645	7.525691699604743	10.138339920948617	9.115415019762846	7.8948616600790515	8.526482213438735	9.882213438735178	11.346245059288538	8.209486166007904	7.551778656126483
4231	9.17142857142857	15.208928571428572	13.114285714285714	16.560714285714287	10.3625	17.351785714285715	16.010714285714286	15.8125	21.258928571428573	10.3125	9.54642857142857
4232	6.133464180569185	7.351324828263003	16.852796859666338	13.561334641805692	7.915603532875368	12.755642787046124	9.25711481844946	12.948969578017664	15.493621197252208	21.315014720314032	16.698724239450442
4233	61.638297872340424	67.4110251450677	40.85009671179884	73.83172147001935	49.122823984526114	44.794003868471954	53.294003868471954	51.44294003868472	69.20019342359768	46.83752417794971	47.99323017408124
4234	385.41597555652555	322.497599301615	43.8271497162811	75.05194238323877	56.23177651680489	58.1610650371017	58.21300742034046	60.912265386294195	70.51767786992579	40.444347446529896	41.47795722391969
4235	114.84086242299794	116.04414784394251	158.20225872689937	94.81006160164272	76.00718685831622	73.35626283367556	80.96406570841889	88.45687885010267	101.17043121149898	86.45277207392198	77.88295687885011
4236	30.964232488822653	36.14456035767511	1205.457526080477	31.04172876304024	23.822652757078988	19.251862891207153	14.154992548435171	24.24590163934426	20.594634873323397	349.2861400894188	126.50223546944858
4237	34.918454935622314	32.261802575107296	853.0042918454935	17.339055793991417	14.746781115879829	16.175965665236053	22.28755364806867	28.609442060085836	30.01716738197425	303.8068669527897	101.70815450643777
4238	30.933247753530168	31.52374839537869	870.0783055198973	26.734274711168165	19.142490372272142	21.195121951219512	19.29525032092426	27.934531450577662	35.24518613607189	287.82284980744544	90.02567394094993
4239	82.96687898089172	136.92738853503184	3110.708280254777	73.76687898089172	58.570700636942675	57.95923566878981	53.179617834394904	101.13757961783439	89.14777070063694	1176.708280254777	339.03821656050957
4240	61.50572831423895	125.83960720130933	2091.2945990180033	64.33060556464812	48.94926350245499	48.84288052373159	35.11456628477905	67.52864157119477	60.6759410801964	887.607201309329	228.3633387888707
4241	198.3718220338983	239.05614406779662	320.16525423728814	314.0021186440678	235.95444915254237	232.00953389830508	112.73728813559322	128.84639830508473	137.28813559322035	322.6430084745763	255.58050847457628
4242	110.78840284842319	273.5605289928789	5066.067141403866	65.4883011190234	47.00508646998983	59.26347914547304	54.1617497456765	306.99593082400816	128.65106815869785	2060.63987792472	1047.262461851475
4243	30.59897172236504	71.7172236503856	2336.3727506426735	21.34190231362468	13.32133676092545	14.069408740359897	13.830334190231362	79.01285347043702	30.858611825192803	963.9357326478149	426.10539845758353
4244	55.378264532434706	67.09941027801179	1161.0547598989049	38.80707666385847	31.16764953664701	32.376579612468404	41.481044650379104	72.33698399326032	74.39090143218198	450.7489469250211	231.03201347935973
4245	135.7651376146789	138.50091743119265	415.46605504587154	99.29908256880734	72.3302752293578	63.67706422018349	160.74678899082568	127.851376146789	189.48990825688074	227.30091743119266	183.102752293578
4246	119.70490093847758	150.01355578727842	163.8905109489051	123.7497393117831	85.62877997914494	81.00938477580813	130.95516162669446	106.67361835245048	157.73722627737226	141.72784150156414	122.24921793534932
4247	32.091743119266056	17.821100917431192	15.660550458715596	15.94954128440367	14.178899082568808	10.53211009174312	12.568807339449542	12.36697247706422	17.357798165137616	18.26605504587156	14.082568807339449
4248	1245.107296137339	1254.4978540772531	96.068669527897	621.8197424892704	442.09442060085837	475.20171673819743	347.3261802575107	223.90987124463518	369.79399141630904	130.1716738197425	89.12017167381974
4249	428.0656826568266	526.6826568265683	66.20664206642067	272.129889298893	193.80369003690038	206.73357933579337	115.89667896678966	78.70036900369004	133.26863468634687	75.86715867158672	65.23173431734317
4250	39.200270635994585	48.84844384303112	37.960757780784846	26.75845737483085	22.8234100135318	22.74492557510149	24.445872801082544	28.459404600811908	30.625169147496617	39.96684709066306	36.00608930987821
4251	45.163328197226505	63.780431432973806	43.25808936825886	54.45685670261941	46.95069337442219	45.05392912172573	42.83204930662558	45.06394453004623	60.634052388289675	53.77657935285054	45.15639445300462
4252	57.97563559322034	55.14088983050848	44.25953389830509	38.407838983050844	31.218220338983052	28.634533898305083	37.023305084745765	46.79237288135593	50.24576271186441	44.125	40.779661016949156
4253	48.04615384615385	55.727935222672066	37.62914979757085	29.768421052631577	24.868016194331982	24.131983805668018	22.235627530364372	21.473684210526315	29.132793522267207	43.810526315789474	36.77327935222672
4254	201.79258241758242	288.9519230769231	215.19093406593407	212.27884615384616	156.88598901098902	146.2815934065934	187.56593406593407	165.78571428571428	254.66895604395606	266.3626373626374	243.51923076923077
4255	108.93722627737226	151.5167883211679	87.4051094890511	122.84890510948905	95.81094890510948	88.65766423357664	83.38540145985401	83.44817518248175	116.51751824817518	108.47810218978103	98.46715328467154
4256	21.469798657718123	29.72986577181208	31.21812080536913	50.238255033557046	38.511744966442954	37.125838926174495	22.296979865771814	15.828859060402685	24.684563758389263	33.88758389261745	39.91107382550336
4257	18.581818181818182	28.37272727272727	22.922377622377624	32.51748251748252	25.700699300699302	26.22027972027972	12.437062937062937	13.518181818181818	16.62027972027972	30.193006993006993	29.57202797202797
4258	19.914	27.506	18.624	24.55	18.286	21.11	11.856	10.058	14.24	22.022	17.372
4259	26.483651226158038	36.963215258855584	20.66485013623978	29.26566757493188	21.743869209809265	22.430517711171664	9.464577656675749	11.147138964577657	12.979564032697548	20.826975476839237	20.52724795640327
4260	10.668865435356201	22.608179419525065	6.547493403693931	7.378627968337731	6.91820580474934	8.154353562005277	3.4973614775725594	3.836411609498681	4.994722955145119	9.222955145118734	8.428759894459104
4261	24.09896324222432	37.66446748350613	16.392082940622053	21.602262016965128	13.403393025447691	15.641847313854853	10.29029217719133	10.972667295004712	14.82846371347785	21.95287464655985	17.082940622054664
4262	18.884174798472635	25.499787865931268	13.245651251591006	14.687738650827322	11.41281289775138	10.930420025456089	7.344081459482393	7.002545608824777	11.003818413237166	17.090793381417054	15.023334747560458
4263	38.99034175334324	56.016344725111445	26.63818722139673	30.09435364041605	25.512630014858843	25.847696879643387	26.447251114413074	24.434621099554235	36.45839524517088	32.7147102526003	29.87444279346211
4264	17.411297440423652	24.593115622241836	17.044130626654898	15.251544571932921	11.926743159752869	13.624889673433362	15.20476610767873	17.17828773168579	20.660194174757283	16.506619593998234	16.53574580759047
4265	39.54420432220039	44.449901768172886	15.202357563850688	23.351669941060905	18.73673870333988	21.06090373280943	22.23379174852652	22.392927308447938	28.701375245579566	16.63457760314342	16.070726915520627
4266	46.99546827794562	53.5785498489426	42.98640483383686	41.2190332326284	34.37160120845922	31.8202416918429	25.744712990936556	37.98489425981873	38.26283987915408	43.637462235649544	42.2809667673716
4267	20.1219763252702	22.909933093154915	16.183736489963973	18.495625321667525	15.37879567678847	14.90735975295934	17.6376737004632	17.895007720020587	21.85434894493052	13.82861554297478	15.611425630468348
4268	115.17455621301775	124.87869822485207	155.73668639053255	136.76923076923077	99.80177514792899	98.25443786982248	93.27514792899409	98.00295857988165	127.10650887573965	197.40828402366864	204.48224852071007
4269	79.39076376554173	84.81172291296625	53.05861456483126	62.683836589698046	47.39786856127886	44.9449378330373	70.57904085257549	76.74955595026643	97.44227353463587	55.255772646536414	57.43516873889876
4270	32.21877424359969	37.84949573312645	26.90302560124127	19.925523661753296	15.498060512024825	17.34678044996121	20.325058184639254	26.627618308766486	28.403413498836308	21.332040341349884	21.82079131109387
4271	24.092307692307692	28.454807692307693	25.61730769230769	18.494230769230768	14.34326923076923	17.08269230769231	24.80576923076923	25.30480769230769	29.19519230769231	24.203846153846154	26.638461538461538
4272	73.61995898838003	95.89268626110731	67.81954887218045	60.708133971291865	44.6015037593985	46.94805194805195	47.872863978127135	55.4107997265892	65.89952153110048	70.98974709501026	76.60833902939166
4273	13.511450381679388	19.08320610687023	10.793129770992367	16.189312977099238	8.430534351145038	10.067175572519083	8.738931297709923	6.805343511450381	10.841221374045801	10.254198473282443	11.664885496183206
4274	31.146014735432015	42.740790354989954	28.551908908238445	34.25385130609511	24.509042196918955	23.036838580040186	27.552578700602812	29.28064300066979	38.363697253851306	30.90288010716678	30.730743469524448
4275	47.108794197642794	54.935630099728016	33.68087035358114	45.36446056210335	37.78513145965549	32.634632819582954	41.53218495013599	48.96101541251133	61.40888485947416	39.95285584768812	34.30371713508613
4276	30.575407608695652	34.17323369565217	35.447690217391305	37.69361413043478	29.916440217391305	29.164402173913043	41.04008152173913	37.35665760869565	49.33627717391305	41.56114130434783	37.32336956521739
4277	65.56618209640398	67.31293037490435	40.40397857689365	57.814843152257076	46.77735271614384	42.68859984697781	33.55623565416985	34.27543993879112	44.762815608263196	46.63198163733741	45.35195103289977
4278	71.2048076923077	91.40096153846154	45.840384615384615	70.5625	56.27596153846154	50.37980769230769	38.46057692307692	35.5875	50.94423076923077	48.29711538461538	47.848076923076924
4279	46.55575702629193	55.607434270172256	34.88667271078876	45.99818676337262	30.319129646418858	37.31912964641886	29.784224841341796	35.087035358114235	37.31097008159565	31.194016319129645	34.90661831368994
4280	28.419683257918553	37.70475113122172	16.68891402714932	27.05316742081448	19.638009049773757	19.354072398190045	20.90497737556561	16.32579185520362	26.489819004524886	18.768099547511312	17.940045248868778
4281	26.53446191051995	36.26481257557437	18.17896009673519	28.785973397823458	20.657799274486095	21.863361547763	15.07496977025393	13.714631197097944	22.079806529625152	18.296251511487302	16.055622732769045
4282	53.06037151702786	47.81888544891641	32.40402476780186	35.65015479876161	26.037151702786378	24.876160990712073	20.98374613003096	20.440402476780186	27.159442724458206	31.962848297213622	29.893188854489164
4283	60.10523076923077	66.56307692307692	36.36676923076923	47.568	37.80123076923077	37.07692307692308	33.144	39.54769230769231	48.85661538461539	35.19446153846154	36.488
4284	81.41137855579869	95.14660831509846	49.086433260393875	77.36214442013129	58.989059080962804	53.01312910284464	59.118161925601754	48.02954048140044	73.11706783369803	67.22647702407002	58.56564551422319
4285	18.85569498069498	23.641409266409266	12.707046332046332	18.977799227799228	13.929054054054054	14.687741312741313	11.057432432432432	12.51061776061776	15.902509652509652	12.653957528957529	12.751930501930502
4286	383.10526315789474	499.1670480549199	375.70022883295195	355.1441647597254	281.4347826086956	273.8054919908467	300.96796338672766	298.62471395881005	437.8604118993135	409.5995423340961	354.07780320366135
4287	187.06082406801832	233.02746893394377	166.51667756703728	208.74296926095488	159.7161543492479	147.80313930673643	163.41007194244605	133.6474820143885	210.28646173969915	201.16154349247876	172.5506867233486
4288	44.36140888208269	55.667687595712096	36.18683001531394	34.49923430321593	24.950995405819295	26.444104134762632	34.71822358346095	37.37519142419602	42.177641653905056	35.23736600306279	37.27105666156202
4289	17.525078369905955	19.13949843260188	8.47962382445141	13.474921630094045	10.16771159874608	9.02037617554859	9.214733542319749	9.275862068965518	15.600313479623825	9.952978056426332	9.341692789968652
4290	27.94314381270903	26.501672240802677	7.558528428093646	9.474916387959865	7.016722408026756	5.010033444816053	6.030100334448161	7.802675585284281	9.996655518394649	5.474916387959866	7.531772575250836
4291	28.23861386138614	30.463366336633662	6.572277227722772	7.734653465346534	6.376237623762377	6.5	7.642574257425743	10.260396039603961	11.775247524752475	8.643564356435643	6.717821782178218
4292	77.89432063263838	93.40833932422717	41.21207764198419	63.70956146657081	50.27893601725378	49.75269590222861	53.2882818116463	58.218547807332854	71.23795830337886	43.75413371675054	41.08411214953271
4293	20.7317880794702	14.589403973509933	6.211920529801325	4.69205298013245	3.7913907284768213	6.0364238410596025	3.903973509933775	5.139072847682119	5.5927152317880795	5.188741721854305	4.483443708609271
4294	42.43178170144462	58.219903691813805	12.60032102728732	12.847512038523275	9.174959871589085	10.088282504012842	11.92295345104334	10.378812199036918	15.418940609951846	16.024077046548957	12.057784911717496
4295	230.9814241486068	234.9628482972136	28.111455108359134	33.68730650154799	30.984520123839008	26.226006191950464	21.015479876160992	24.473684210526315	29.309597523219814	25.925696594427244	23.473684210526315
4296	571.3430232558139	708.2267441860465	444.6918604651163	174.3372093023256	130.25872093023256	147.0377906976744	132.0639534883721	146.3110465116279	180.3372093023256	586.6046511627907	425.1017441860465
4297	79.92151898734177	78.38987341772152	78.26582278481013	76.59240506329114	56.12405063291139	64.67341772151899	42.52151898734177	42.50126582278481	62.49873417721519	102.34430379746836	82.58987341772152
4298	67.1430332922318	95.96609124537608	68.07336621454994	70.58014796547472	53.16276202219482	53.0098643649815	69.92478421701603	64.78175092478422	95.7367447595561	76.5517879161529	72.59987669543773
4299	32.692477876106196	26.347345132743364	24.50221238938053	25.466814159292035	17.464601769911503	17.057522123893804	20.1858407079646	13.876106194690266	25.053097345132745	28.75	31.694690265486727
4300	67.30998248686515	74.99036777583187	38.809106830122595	62.63047285464098	47.086690017513135	43.195271453590195	42.80560420315236	36.69264448336252	58.23730297723292	46.1077057793345	39.21190893169877
4301	84.68493150684931	87.47571606475717	45.18430884184309	65.78082191780823	51.906600249066	47.196762141967625	60.344956413449566	57.28642590286426	82.64383561643835	50.115815691158154	51.8107098381071
4302	74.9914346895075	88.31263383297645	54.01070663811563	58.63811563169165	45.55032119914347	49.14132762312634	43.02997858672377	44.29336188436831	71.6509635974304	61.79014989293362	54.74518201284796
4303	41.62928759894459	47.02374670184697	29.395778364116094	32.60290237467019	27.319261213720317	26.12796833773087	14.997361477572559	21.534300791556728	25.569920844327175	33.60686015831135	30.54485488126649
4304	34.06015693112467	38.96687009590235	28.381865736704448	31.87532693984307	20.2332170880558	21.64167393199651	21.258064516129032	24.335658238884044	29.03748910200523	26.239319965126416	27.776809067131648
4305	36.608247422680414	45.8569587628866	34.300257731958766	32.81443298969072	22.934278350515463	22.814432989690722	19.109536082474225	15.0	23.716494845360824	38.83376288659794	30.38659793814433
4306	34.97248803827751	43.50239234449761	22.87799043062201	25.69736842105263	22.196172248803826	20.24043062200957	21.13755980861244	17.69377990430622	26.316985645933013	26.423444976076556	21.322966507177032
4307	121.8210580912863	36.34647302904564	45.24170124481328	42.48547717842324	35.46317427385892	32.02748962655602	56.54719917012448	40.12292531120332	61.34180497925311	17.3402489626556	24.734439834024897
4308	590.8376844494892	747.3518728717366	684.311010215664	742.5232690124858	507.88762769580023	508.19409761634506	447.51078320090807	415.34506242905786	583.0034052213393	842.8717366628831	700.5175936435868
4309	500.6680584551148	516.4592901878915	360.89770354906057	423.7369519832985	312.32776617954073	269.9394572025052	221.54279749478079	185.71189979123173	281.2338204592902	410.51983298538624	334.0751565762004
4310	653.6289252543122	703.4767801857585	393.90712074303406	564.9610791685095	413.53825740822646	404.5386996904025	235.25033171163201	238.81512605042016	334.0703228659885	470.7063246351172	375.24148606811144
4311	1099.069387755102	1783.7755102040817	1131.3877551020407	1393.5551020408163	1056.2163265306122	1059.004081632653	823.9061224489795	841.5877551020408	1156.4122448979592	1533.873469387755	1205.1632653061224
4312	139.63783783783785	178.15945945945947	81.68783783783783	156.92027027027027	127.25	123.53243243243243	88.92162162162163	90.43243243243244	125.46216216216216	86.12432432432432	78.31891891891892
4313	51.63715529753266	69.59361393323657	44.54571843251089	78.25689404934688	54.60812772133527	61.451378809869375	38.53991291727141	38.18867924528302	42.17561683599419	67.6400580551524	60.892597968069666
4314	39.37315198107628	50.04435245416913	79.28681253696038	55.42637492607924	41.510940272028385	40.4441159077469	35.96747486694264	44.75399172087522	53.623299822590184	87.4949733885275	82.2655233589592
4315	55.88157894736842	69.72727272727273	42.29425837320574	62.14832535885167	47.26315789473684	48.97488038277512	31.52511961722488	39.6578947368421	47.235645933014354	51.8744019138756	42.2200956937799
4316	15.46	10.4	9.39	9.575	4.165	6.205	6.03	5.35	5.63	8.365	7.52
4317	18.82741935483871	24.875806451612902	13.830645161290322	13.830645161290322	10.153225806451612	10.320967741935483	11.287096774193548	13.916129032258064	16.008064516129032	13.706451612903226	14.21774193548387
4318	9.297413793103448	8.088362068965518	9.79094827586207	6.5344827586206895	3.8017241379310347	3.8275862068965516	3.3836206896551726	4.855603448275862	5.657327586206897	8.122844827586206	8.392241379310345
4319	232.25795053003534	192.50706713780917	193.92049469964664	238.7190812720848	189.47526501766785	183.71024734982333	181.21024734982333	221.23498233215548	255.31448763250884	204.90282685512366	191.9487632508834
4320	67.19076492537313	76.08208955223881	45.85727611940298	57.514925373134325	44.14832089552239	44.06809701492537	41.97481343283582	42.990671641791046	56.85680970149254	55.28684701492537	49.61054104477612
4321	35.026490066225165	48.02897350993378	35.704470198675494	30.883278145695364	22.750827814569536	24.183774834437084	31.29801324503311	30.288079470198674	43.45778145695364	44.88576158940398	38.82781456953642
4322	190.15276381909547	273.22814070351757	246.43316582914574	265.9628140703518	209.27437185929648	197.9889447236181	179.97286432160803	183.24924623115578	306.3206030150754	308.4793969849246	258.4924623115578
4323	960.1686746987951	1102.0572289156626	1364.0	1250.4578313253012	1072.5993975903614	1060.882530120482	1149.6265060240964	1417.117469879518	1959.8644578313254	1829.0060240963855	1578.4578313253012
4324	123.27079934747145	141.4200652528548	146.46166394779772	99.02039151712887	70.93719412724306	70.78548123980424	100.29853181076672	93.30261011419249	130.69820554649266	181.38009787928223	143.1827079934747
4325	155.0387543252595	187.9031141868512	72.81314878892734	113.47474048442906	83.94186851211073	87.37647058823529	47.45674740484429	54.29826989619377	71.23044982698961	77.81868512110726	62.937716262975776
4326	406.78062157221206	538.6974405850092	212.19744058500913	285.1371115173675	214.12248628884825	232.58500914076782	139.27879341864715	154.55301645338207	206.61517367458868	234.57129798903108	203.97806215722122
4327	148.06255212677232	152.49624687239367	127.15095913261051	220.04336947456213	171.40617180984154	170.92493744787322	107.30108423686406	111.72393661384487	150.25604670558798	134.11175979983318	136.67139282735613
4328	1270.2490650710547	1627.1907255048616	965.8145100972326	1575.6671652954376	1227.2550486163052	1203.2924457741212	878.7868362004488	911.7928197456994	1227.3874345549739	1205.7045624532536	1053.4053851907256
4329	1862.5511921458626	1934.437587657784	1163.663394109397	1381.335203366059	1069.2636746143057	979.4193548387096	1015.9523141654979	962.5834502103787	1410.0799438990182	1448.952314165498	1252.4810659186535
4330	2925.484771573604	4321.26269035533	3286.220812182741	3895.991116751269	3015.6053299492387	2915.5507614213197	2975.6522842639592	3188.7956852791876	4538.38578680203	4505.673857868021	3672.526649746193
4331	311.31724845995893	336.6498973305955	145.56981519507187	198.65195071868584	152.2135523613963	149.26796714579055	119.3870636550308	113.96303901437372	168.29671457905545	168.6283367556468	145.54620123203284
4332	170.46070133010883	159.44014510278114	77.18379685610641	96.37847642079807	64.13905683192262	59.9540507859734	72.85126964933495	57.82829504232164	87.26964933494558	76.96614268440145	71.52841596130592
4333	195.4271137026239	218.52769679300292	137.86297376093293	127.82507288629738	94.7201166180758	89.33527696793003	100.3192419825073	78.52478134110787	121.3134110787172	148.26384839650146	123.533527696793
4334	860.3808411214953	829.4205607476636	422.14018691588785	686.8714953271028	486.0724299065421	507.47196261682245	278.2733644859813	276.05607476635515	357.64719626168227	594.2897196261682	442.7196261682243
4335	980.0910240202276	1127.5853350189634	641.9001264222503	886.4917825537294	664.6498103666245	688.7939317319848	472.9165613147914	469.1782553729456	628.8002528445006	755.3704171934261	663.9494310998736
4336	1325.46623270952	1616.0716029292107	968.5126118795769	1404.1619202603742	1063.5679414157853	1012.3311635475997	770.7103336045566	753.9991863303499	1048.9845402766477	1313.061025223759	1085.0683482506101
4337	397.8872604284104	496.90304396843294	315.2841037204059	352.0270574971815	280.5636978579481	289.95039458850056	278.03607666290867	327.1217587373168	431.03607666290867	286.0563697857948	286.065388951522
4338	124.05263157894737	98.90526315789474	55.96842105263158	108.34736842105264	75.9578947368421	93.48421052631579	68.16842105263157	72.88421052631578	88.36842105263158	71.49473684210527	66.12631578947368
4339	3101.969581749049	2342.577946768061	467.8593155893536	1210.638783269962	1094.1787072243346	1053.2927756653992	884.9201520912547	1169.361216730038	1085.9049429657794	404.57414448669203	409.0228136882129
4340	2053.0294695481334	2359.49115913556	1675.1021611001966	2753.0432220039293	2032.7779960707269	2159.9960707269156	1072.2318271119843	1114.5520628683694	1526.4734774066799	2104.8722986247544	1841.9292730844793
4341	986.5680190930788	1298.3675417661098	1149.434367541766	1062.6968973747016	697.126491646778	712.3150357995227	760.8162291169451	766.7446300715991	874.3770883054892	1106.3198090692124	1012.5035799522673
4342	231.46763392857142	328.5267857142857	120.18973214285714	288.48549107142856	231.19084821428572	213.50111607142858	180.39620535714286	164.52455357142858	238.51227678571428	141.66071428571428	135.16741071428572
